start=172.583333
pause=yes
volume=130.000000
